L: [[1, 0, 0, 0], [0.5, 1, 0, 0], [0.333333, 1.0000060000240003, 1, 0], [0.25, 0.9000036000144003, 1.5001140096368357, 1]]
U: [[1.0, 0.5, 0.333333, 0.25], [0.0, 0.08333299999999999, 0.0833335, 0.07500000000000001], [0.0, 0.0, 0.005555111107999985, 0.008333299998199983], [0.0, 0.0, 0.0, 0.00035582992511357277]]
x: [[-4.026178224011126], [60.29630801681358], [-180.7181214511577], [140.46935117313234]]
error: 0

